  1  30  36   6  11  15  32  34 -10   5 24  -7  -7  34  -2   4  -4  -8  22  25  23   9  4  20   0  33  33  16 -10  27  11  -5 -1  34  22  24  -2   8  35  11 26  26 26  20  14  24  -1  29   6 16  18   5  -4  -9 -10 24  15   6  20  19  -3   3  -7  13  12  15  17  17  -7   0 34  -1  -3  26  24   8  -3   1   3 33  35  21  36  15 23  -2  -5  14  31  13  22  -8  -8  -7  25  35  28  36  -9   9
 17   6  -9  29  15  33  -1  -8   4  14 13  14  21  -6  15   8  34  29  -6  14   9  13  8  29  12  10  -8   7  27  -8   6  33 36  20  27  13  -2  34  19  15  6  36 31   7  29  -6  25  -8   6  3   6  32  25  33  33  0  -5   3  32  -3  21  -9  17   0  24   8  26  13  -9  -6 22  23  30  28  21  25  14  30   3 16   8  26   9  15 10  -3  30  28  12  20  17  35  16  36   4  14   4  20  -1  19
 -4  -8  -4  -6  -5  12  23  19  35  30 20  21  24  24   0  -9 -10   8  -8   5   4   7 12  -8  13  -2  23  -3 -10  11  -7  -7 -3   8  26  17  -6  30 -10  -4 19  11  2  16  -2   2   9  19  22 23  17  24  17  35  10 32   4  25   1  -5  -8  19  -9 -10  31  19  -1   4   9  -2 15  15  20  36  18  -4   7  17  16 -3  -1  34   4   3 33  32  22  -3   0  34  30  -2  14 -10   1  26  29  32  -3  -6
 -4   1  22  -7  15  18  30  22   8   5 23  -4  29  34  35  35  15  26   8   7  23  14 23  36  -9  26  11  15  33  17  -6   2 -6   0  14   4  22  29  -1  26  4 -10 26  17  19  11  17  28  19 16   3  29  32  18  32 35   0   0  -1  19  30   0   0  15  19  28  -9  17  -1  33 18  13  29   0  28  28  24  12  19 15  25   1  14  16 -8  34   2  24  30 -10  32  -6  19  13  11  -3  -5  30   9  17
  5  19  -6  15  -3  29  21  16   7   5 29  32  15  36  22  13   6  30   9  14  26  13  2  12  -4  20   3  -6   0  24  19   9 -1   3   5  28  29  -2  24  27 10  -6  4   7  -5  13  16  20  -5  0   0  21  -1  34  21 -1  30  10  -3   0  -2   2  -8  32  -2   9  17  35  25   5 32  24  31  11  28  23  14  27  -1 34  26  26 -10  24  3  -9  10  33   6   6  15   1  34  23  22  21   1   4  -3  21
 -9  29  19 -10  26  31  -7  21   8   1 22  29  16  34  31   3  28   8   3  35  31  22 23  -1  -6  25  11  -7  21  28   4  29  5  17  27   6  10  21  27  17  1  22 33   2   0  -3  24  31  32 29   9  -1  -2  27  -6 31  -2  17  29  29  27  -6  15  28  -1   2   1  16  33 -10  4  33  19  -6  34   4   6   1   7 13  33   7  31  23 20  -8  28  10  -6  -6   2  33   5  31  23  19   4  35  30  35
 15  31   3  -5  16  18  14 -10  26  -1 -1   0   6   8 -10  -9 -10  23  13  27   0  20 -4  30  -4  33  36  18   8 -10  24   4  5  18   7   1  30  17  31  32 29  -8  9  22  34  21  13  35  16 35  -1   2  -7   2  13 22  34   4  -9   4  18  28   5  28  21  11  21   2  -5  36  7  17  14  -2   9  33  17  35   2 35  30  25  22 -10 29  23  19  13   7  20  -8  16  -7   0  29  30  24   5   1  22
 -6  15   7  11   6  15  19   4  27  -6 11  -2   0  12  34  -9  34  32  11   6  12   3  2  23  -6   1  -4  -7  26  25   5  -2  7  -6 -10   7   0  36   0  -7  1   8 -5   2   6  35  25  35  13 27  23 -10  24  21  25 24  32  11   1  35  26  27  29  13  -2  19  27  31  -2  29 21   3   0   0  32  14  -1  24  34  9  19   6  13  12 11  11  24  -7  25   7   7  11  28  36  34  26  -6   9 -10  -5
 19  -2  -2  33  -7   4  -7  -1   3  23 25  30   3  -9  22  20  19  -3  -1   2  36  28 27  35  14  15  -5   9  24   2   7  -9 27  27  21  30  26  -1  25  16  1  23  9  23   8  -3  -2  15   3 20  21  -4  -3  11 -10 36  -5  14  -1  17 -10  -2  33  36  14  -8  -6   0  -4  28 20   2  23  25  16   8  33  -5  36 27   3  34  -3  31 19  -7  30   7  22 -10  32 -10 -10  36   0  20  -2  -5   6   5
  5  -1  11   3  -1  22  10  -3  13  25 19   1   8   4   6  36  13  24  25  21   9  35 14  36  -7  24   3  15  21  26   2   0 26  -9  11  19  15  25  36  36 28  20 27  35  26  -5  25   8  22 -4  28   1  -5  -1  16 17   1  11  22   2  20  -9  27  13  34  31   2  28  33 -10 32  26  36   8  -3  15  10  13   1  1   8  12   9  29 25  23   4  20  10  35  -9  26  33  20  12   9  -5  -8  -5  11
 -5  -6   4  31  18  17  15   8  22   2 28  20   3  22 -10   2  33 -10  27  13  -9   7 -9  14   2  34   5  -6  29   0  33  35 -1  19  33 -10  32  16  11   0 17  -8  7   7   9   5  -9   5   9  8   7 -10  -2   0  -1 -7   9   8  32  31  27  -6  -2  27   8  10  -8  21  18  11  9   8   2  -1  -5   2  -9  14   4 19   7  -1   6  -9 27   5  23  34  -3   9   7  20   5  25  27  -6   7  -7  27   7
  7   9  35  31  15   7  10   8  29  18  8   4  14   9  23  33  23  14  20  14   0  33 12  28   8  12  29  -1  24  22  11   4 36  18   5  10  23   5 -10   4 27   4 24  34  22   2  -4  16  19  3  -6   7  16  35  -8 25  21  -5  -3   4  16  19   7   5  17  25  33   9   9  -2 15   9   2  29  16  15   7  29  30 35  29   8  36  22  3  21  -5  -4  32  34  34  11  -4  -1  14  35   4   4   9  12
 17  28  -9  28  -4  16  -4  26  -9  -9 11  -6  25   7  29  26   7  26  12  -1  13  10 11  24  29  19  14  12  -7   1  34  33 11  23  16  32  34  23   8  25 33   8 17  12  -8   0  15  36  -1 24  25   7  -5  14  33 32  29  24  35  -6   5  31 -10  -9   7  10   2  12  16  30 21  11  -7  21  22  13  34  -4  -6  1  24  26  -2  -2 34  23  29   3  15  31  35  -2  27  33  30  21  32  33  19  22
  9   8   7  15  -2  23  21  18   5   1 -9   3  26  14  -9  28  -6  27  15  23  13  35  5  11   2  20  -4  25  18  15  30  -2 18  10  -8  23  27   8  -4  28 -2  14 -2  -9  -4  17  12 -10   9 17   9   4   0   0  18 33   4  16  30  15  -3  13  35  31  29  26  31  -2  -4  15  4  -1  36  34  25  19  36   2  -5 28   5  25  -3  19 19  36  21   4  23  36   7   4  35  -9  15  -1  30  26  -8  35
 33  10  16  31  15  17  10  22  23   9  1  29  11  14   0   9   7  20   9   8   8   3 36  18  10  32  17  10  13  18   6   5 10  13  26  36  -2  31  35  15 34  -6 25   0   2  22  11  -4  31 -6  33   2  32  16   4  1  -2  -6 -10  21  20   6  36  25  -9  32  13  12  -5 -10 -8  -8  17  14  29  17  -9   8  18  9  -1  19  27   0 -6  -9  31   2  10  32   0  32  22  -8  23  -9  35  30  19  -4
  6  34  35   0  18  24  32  10  30   7 -8  22  29  -6  -5   1 -10   1  26  31  29   2  3   7   2  -2   1  27   5  11   9  35 30  29  36  35   6  30  32  16 15  -3 27  28 -10  16  19  -7  16 11  12   6   8   5  35 -5  19   4  36   2  -8  -4  26   8  17  12   8   2  -1   8 15  12   0  20  33  20  35  16  -3 11  -6  22  11 -10  7  26  -8  32  22   7  16   3  16  36   6  -7  25   3  31   8
 15 -10  -2   9  -9  -7  29   6   1   5 30  -1  17   8  22  26  23   9  -7   2   7   6 -2  21  16  15  31  -3  -5  -9  -5   7 25   1  22  23  21  26   0  20 -3  29  5   9  28  -5  19   6  -3 16   0  19  22  20  18 -6   3  -2  -8  12  22  -5  -9   2  -8  24  22  25  35  -7  5  18  17  20  12   5  34  36   0 14  24  23  10  15 13  13  33   5   2  17  -4  29  24  -8   5   1  -2  -3  -3  17
 31  20  -1   5  -5  27  15  26  11  33 35  19  13  27  -9  18   2  24  32   1   3   0 31  13  27  15   6  -1  18  27   9  22 25  11  25  11  -5  35  10  23 36  18  2   3   6  21 -10   1  -8 -2  -6  18 -10  -7  -2 13   6  15  13  28  -2   6  20   0  23  28  25  34  26  32 11  19  -7   0   6   6  33  -9  -9 28  -9  24  22  16 33  21   3  12 -10  19  19  11  33  -8  -3  19  -2  35  24  21
 -3   6  10   2  20   2  17  24 -10  29 -1  -9  14  -8  -3   1  -5  -2  -2  34   1  21 18  12   7  -7  26  31  27  18  -3  -8 33  -2  23  16  11  -5  -5   4  8  -6 26  33  25  18  31   4  35 31  -9  22  34  -1   6 17  33  10  -9  32  16  34  21   6  24  35   3  -6  34   8 28   3  20  -5   8   7   2  -8  12 35  -6  14  14  10  7  27  32   2  -4  29 -10   6  -5  -5  34   1  29   8   2  15
  2  -4  19  32  -3  27  17   6  20   2 27  34  17  -8  14 -10  35  -9  20 -10   9  -7  2  15  18   2  -6  -6  -7 -10  21 -10 36   2  -3   2   0   3   2  30 -6  -7 11  -2  20  34   1  -4  15 31  24  30  12   8  12 31   9  -7  14  26   0  33  13  12 -10  -2  15  22  28  33 18  13   4  15  16  30  19  11  33 19  10  35  -6   4 33  -8  33  11  -5  22  18 -10  -8  19  25  18  27  -7  36   1
 -2  12 -10  11  34   2   6  27   0  14 -7  30   2  11  -2   3  12  26  29  -2   3  15 29  20  24  35  -8   7   6  -9   1  12 15  13  -5   9  21  31  14   8 35  25  1  35  31   3  22  11  29 10  23  11  -7  19  26 -5  -8  18  32  -2   7  -3  30  19  27  30   4  -5  28  23 34  36  -7  15  33  -6   2  18   9 -2  -4  31  19  16 34  27  11  10  24  -1  17  17  -2  20  23  -7  27  23   7  20
 19  12   7  33   0   8  26  23  32   0 13  14  24  -2  18  18   1  32  22  -4 -10  20 36  22  -9  -3  31  14  -7  36  -2  24 16   6  -7  36  22  31  22  32 19  25 29  -1   6  10  28   8  28 19  30  34  30  24   0 -3   0  -9  -1   4  11  -6   2   9  10  20  33   6  33  20 34   3   5  -7  19   0   6  20   1 15  24  17  -9  35 -6  33   9  16  18  17  23   6  10  11  11   9   7  -1   6  32
 -6   5   8  16   7  29  24   1  24  33 33  19  12  34  10  24  25  15  11  -9  28  33 -1  25  11  33  28  13   2  21   2  12  5  -3  -4   3  16   9  31  -1 13  27 22  31   1  -6  -9  28  23 11  35  31  20  34  31 30  -6  30  -8  14  17   4   6   6   0   2  29   7  11  21 -9  -1  30  23  15   5  22   2  22 20  28   7  -5  16 35  24  19 -10   1  14  23  22  17  12   7   6  16  -3  35  27
  7  36  -6  -4  -4   9   5   7  22  31  7  21   8  24 -10  29  11  -7   8  35  -9  -7 10   6   5  17  -7  -1   5  14  32  23  7   6  25  27  -5  -2   5  31  8  32 19  -2  15  -7  26  29  34 30  -9  -3 -10  12   5  9  29   9  22  28  29  13  33  19  -9   4  25  -8 -10  36 29  33  21  -8  31  30  10   7  -6 15   8  14  -3  29  0  19  -5  28  18  27   0   2   1   5  31  28  17  24   1  31
 30  -6  -9  28  -4  25  -8  13  14  -8 34  24   5   5 -10  -2  25  14  32  24  26  -2  7  13  36  24  33 -10  28  -7  -6  35 35  33  31  12  34  14  -7  33 30  36 27  -5  21  16  24  26  36  0  -9   8  -1   1  23  3  27  -6   8  -1  19   2  -5  23  15  12   8  -3  16  -4 -2   3  27  10  31   5  -1 -10  11 27  26  13   8   7 29  35  28  21  -1  11   4  30   4  13   3  -4  10  25   8  20
 12  18   9  35   9   0   5  21  10  -9 24   3  -3  31  17   8  -1  -5   7  19  14  24 -3  15   3  29   4  15  32  34  24  -4 15  18   2  27  26  -8  24  -8 16 -10  5  26  29  -2  -2   2   8 -2  19   7  35  13  13 36  33   7  23  29  16  16  23  15  27  -8 -10  33   8  -7 20   3  36   9  35   8  28  -1  22 19  -6  32  -2   9 -1  18  15  -7  31  36  -2   6  24   4  31  21  34  -8  11  26
  1   8  -1  18  -6   6  25   6  11  26  6  12  -4  31  -4  27   1  11  10  -1  -3  22 -7  29   2  34  30   4  -5  -4  31  22 25  -2  14  35  21   5  24  -8 11  19 -5   1  13  -2  18  13  21 -4  34   0  -5  22   5 23  36  28 -10  24  34  32  14  28  22   4  -3  13   2   4 30  26   3  24  29  27  25  21  25 -8 -10   0   9  34 11   9  19  -5  -7  31  -1  -4  -6  21  -6  36  28  36  33   3
 25  17  27  13  28  -7  33  24  13  27  7  -5  -3  30  22   6   8  -5  -5  35  -6   3 16  11  -7   6   0   3  31  33  -9  14 11  34  30   6  26  10  27  26 27  33 -6   6  23  14  34  31  26 16  16  20  16  -3  -6 -2  -1  15  33   2   6   5  23  28  -3  -1 -10  31  17   6 10   3   8  -9  15  25   9  -7   3 19  33  -6  -8  21 -5   0  10  36  32  16  20  -5  10  30  -7   9  36  12  28  13
 30  30  22  -1   1  28   0   0  11  11 17  11  18  29  36  -8  -4  29  31  22  14   5 -3  15  35  18   6   4   3  16  -1  17  6  -7  11  35  10  31   2  -1 18  11  4  33   2  27  25  13  -2 30  17  13  -4   9  12 22  33  21   9  33   0  14  -9 -10   7   1  -9  -4   1  13  1  26  18  -2  24   9  34  -1  21  3   7  13  13  27 22   5  -3  -2  -3   5  22  16   8  19  -8  18  -2  20  26  -1
 11  10   2  29  -3  18  16  20  21  17  6  31  36  -3  13   3  -7  16   0  13  31  -8 22  -2  32  28  13  -9   3  29  14  24 17  -4  -9   2  10  12  14  19 35  26 -3  31  23  15  -5  25  27 35  33  30   7  -7  32 -4  34  12  11  16  18 -10   0   4  34  25  -1  35  -7  11  1  -8  -8  -9  -6   6   7  29  -8 -7  -4  -6   9 -10 21  -7  -3  14  16  10  32  -7  28  -3   5  18  18  11   4  -7
 12  34  22  34  -5   5  -4  31  24  -9 35  32  34  21  19  25  -9   3  23  34  -2  24 26  20   8  17  -4  -1  19  12  15  31 22  -5  18  -7  24  -8  23  -9 36  16  7  15   4  28   3  20  23 28  31  -5  -3   9  24 21  24  16  35   7  10  -9  16  36  15  15  -7  18  36  32 30  24  18  27  -3  34   5   5  33 -7   9  -7  -1  23 28  16  23  22  13  -8  26   5  -5  -2   2   2  20  17  27  29
 -8  11  29  -3   9  28  -1  30  34 -10 36   6  20   5  17   9  31   0  -9  -4  36   1  5  32   2  -8  27  15  20   1  -7  -9  8  12  35  25   4  -1  20  28 33  20 29  -6  28  19   1   9   4 35  35  16  18  24  32  5   5  11  23   4   1  11  32  27  31  -7  29  19  31  15 -2  18  10  -5  34  33  11  33  25 -8   6   2  -3  36 -4  17  20  -4  -7   9  -1  22   4  -7  -8  16   3  36   0   1
 26   1  15  29  -1  -6  27  16  14  -1 28   2  30   2  -8  -1  -4   0   1  16  18  27 -6  13  -7   7   0   6  31   9   0  21  3  34  -8  32  28   6   0  -7 -2  35  4   4  -1   2   5  20  15 -3  20   8   0  13  29  7  12  16  26   2  21  -9  21  23   6  -8  -9  18  13   4 20  28  14  -9 -10  21  34  15  15  2  32  11   0   4 -8  18  10  -6  22  26  17  28  19   7  18  -1  35  -2  13 -10
 -3   1  16   3   9   2  30  25  -7  23 11  36   1  23  26  22  -1   8  31   6  -6   7  4  32   0  -9  -5   8  -2  21  34  14  1  31  36  -7  18  20  -4  19 -9  23 -5   0   4  36   9   6  11 24  20  -4   3   8  12 32  13   4  10   2  34  -6  31  24  13  -9  20  28  11  17  4  20  -3  25  -7  17  22  23  -1 31   9  21  30  30 22  13  -8  14  21  -9   3  14  32  -4  18  19  32 -10   4  35
 24  33  35  29  30  -1  16  -8  23  -9 30  -5  -2  -7  24  -9 -10  28  12  -1  25  16 -4  11  15   6   8  29  30  12  12   5 27   8   3  -5  18  34  10  35 21  21 15   5  10  36  17  36  20 -4  32  15  19   2  -4 20   1  24  33   8  31  32  21  -3  16  23  18  24  32  10 19  -1  22   8  13  35  -9  13   1 12   1  -5  15  -3 10  25  13   5  31  36   2  22   7  25  24  -4   6  21   1  21
 21  28  11  18   9  36   2  24  -2  27 -6   4  35  17  26  26  -7  12   7  29   1   6  0  17  16   3  -1  19   3   5   4  12  1   2  -7  -4  10   9  25  35 19  20 14   0  -7  13  -2  -8  17 35  -8  -4  -6  -7 -10 11  -6  23  22  11  14   3   2   9  11  28  -4  22  13  11 23  22   6  11  19  18  10  31   7 -3  27  25  26  27 15  27  30  26  31   0  21  -8   9  26   4  17  16   6  24  -6
 26  19  29  27  12  16  19  -6  -7  27 22   3  20  12   2   3  16 -10  25  -9   8   2 -5  15  -8  -8   0  -4   9  31   3  17 18  36  -8  36  13  -9  36  -6 -3 -10 14  36  32  -5   2  23  33 26  25  28  -2  26   3 -5  -7   6  -7  -7  -1  -7  -6  19   2  13  -9  15   6  14  5  22  -5  23 -10  -5  -8  14  30 14  20   9   7  25 23  21  30  -3   8  34  26  20  -4   3  23  27  17  -1  -7  32
 -8  22  10  30  17 -10  27  24  29  18  3   3  -6  30 -10   1  10   3  12  20   2  -6  8  10  -3  25  -5  26   1  23  -9   5  6  -7  -7  14   5  21 -10  14  9  -8 28   5  12  34  35  20  -9  4  15  -3  -2  29  23 25  18  30  11  28  19  18  31 -10  26  -3  17  18  23   4 23  -7  10  20  10  29  35   8  34  9  26  -2  14   3 10   5  17   6  -5  -7  -3   3  18  17  -9  -5   2   2  13   0
  8   5  13   4  28  19  26  30  28  22 26  12   8  36  27   2  33  32  25  24  -6  -6  2  35  11   8  10  27  -2  -8 -10  -9  3  11   3  30  -8   0   7  26 -2   5 35  26  -1  31   1  18   1 27  29  34  12  10   7  2   6  34  18  22  17   7  17   2  -2  27   6  -4  30  10 -6  36  36  36  34  -4  13  -7  16 18   8   9  10  20 29   8  36  -8  34   0  33  -1   6  20  19  27  31  -6  13   8
 33  28  25  29  33  21  27  26  -4   0 18  10  10  27  15  18  -4   1   6  -8  25  28  6  -7  -5   4  -6  35  21  33  -5  13  0  35  31  27  -1   0  25   1 23  12 27  24  31   4  20  18  17 36  16  -4  18  -1  -1  6   3   6   9  16  -3  27   3  21  13  28  17  12  18  32 23  15   5  15  15  -8   0  30  18 24  15  20  22  12 30  -3  -9  -6  32  -2  33  -3  30  27  33  30  21  11  23  30
 26  -8  21  20   9  -7  12  -3  -5  33 -8  12  10  14  36  29   8  33  -6  -7  12   6 33   8  25  25  27  -8   2  -9  10   0 32  31  30  -4  -3  14  36  33  4  10  1  33  -3  16  29  -9  33 -7   4  22   6  10  -6 16  27  17  18  22   1  29  25  22  11  32  -4  10  18  -1  8  10  15  33  33  25  26  32  23 -3   9  20   7  -9 -1  -1   5   7  -7  29  -6  22  10  -1  12  30   5  19   4  26
 35   2  36  20   1  29  13  24  18   1 -7  27   2  32   5  -9 -10  -4  15  -5  25  34 -3  22  19  -5   2  -6  24  -9  13  -8 29   9  29  -7  19  24  12   9 26  30 14  -6  28  24   6  -8  16 14   6   0  23   6   5 -9  27  17   2  -1   6  24   6   8  -7  -2  -9  17  15  15 -3  24  20  20  21  31   7  29  17 -1  -2  34  12  -1 20  35  13   1   4  15  32  23  22 -10  32  36  13  21  -3  19
 -5  22  21  22  16  -3  22  19  27  15 18  28 -10  27  26  28  24  30  35   6  26  -9 15   5  26   8  -4  17  20  -7  25  23  0  28   6   6  18   7   1   9 10  16 11  -4  27  -9   5  31  18 26   7  32  19  22   1 14  23   6  36  21  20 -10  -7 -10  12  10  25  13  -8  -9 28  29   4  12  28  35  -6  21  -4 -7  15   1  29  -6  8   3  -2   2   2  23  10  28  36  20  12  17  32  14  28  -7
 -5  -5  36  15  13  15  21  31   5  36  0  -9   5  24  29  13  13  29  33  25  13  30 27  10   6  25   5  -1  19  13   6  33  2  19  26   8 -10  -9  -3  31 29  30 -7  11  13  21  29  21  -5  2   6  33  15  33  22 -5   4   6   7  -9  14  -8   6  -7 -10   8  25 -10  16   3 36  31  20   5  31 -10  -6  36  12 28  26  30  32   1 -3  -3  -7   4   8  24  34  -4  -5   1   7   8  24  14  -5  -2
 33  13  16   5  19   0  15   3   5   8  7   4  -5  -6   1  24  -9  18  31  30  17  -2 30  13  24   3  18   1  32   2  -8  27 26  31   6   3  31  15  24  31 24  18 14  -5  -6  28  11  -3  25 11  34  27  -9   1   0 -3  -7  -7   0  11  30  17  15  -3  31   0  32   6  -1  -9  1   2  -9   0  30  32  23  23  32 25   9  -6  18   0 15  -6  36  18 -10  23  19 -10  25  22  13  24  14  -9   1  18
 -2  17  24  35  -4  17  -8  20  24  -5 12   1  29  27  -1  14  27   4  18  20  18  14  7  19  21  28  36  -1  20   0   4  -1 32   5 -10  26  35  13  23  16 25  28 10  -6  31   3  17  15  20 25  16  28  -5  24  14 21  -6  21  13   0  34  22  20  11  -2   3  -5  14  12  34 -1   0  32  33  15  23  32   4   5 33  30  23  36  33 22   6  -7  16  19  34   8  28   0  20  35  17  30  -1  20  -9
 -9  15  18  19  35  36  -1 -10  26  31 17  15   6   8  -2  34  17  14  10  12  13  -9  5   0  29  12  -9  34   6  11  28  -2 34 -10  32  17  -2  25  -6   1 -5  -2  0  29   2  -5   9  36  34 29  19  29  22   9   5 27  21  26  -2  -9   5  17  34  36  20  13  18 -10  23  -9 29  -9  30  21  22  -2  25  22  30 17  -4  12  12  31 12  29  -7  -2  -5  18  31  13  32  16  15  36   0  -9  24   3
 13  -7 -10  11  36  17  23   7  16  -5  3  29  35  -4  21  13  12  19   4  21  32  -4 35  22  14  -2  19  -1  27  12  -4   2  4   8  16   3  20   9  -5  -7 -2  24 11  23  36  31  27  -8  -4  8  32  28  24   6  17 12  13  -8   3  30  -1  30  25   5  18  13  -6  15  -6  18 -6  23   8  18  -9  -7  24   8  -2 10   3  13  12   1  3  27  11   1  27   1  -7   9  19  -3  -4  -7   4 -10  -8  25
 -2  -2  33  -7  -5 -10  34   3  25  11 17  31  -9 -10  18   1  35  -2  -8   5 -10  -9 35  -9  17  -6 -10   5  22  28  -4   8 -9  13  27  -7  11  35  18  10  7  16 16   4   8   7  -4  15   4  5   7  10  -8  15   9 32  36  -9   0   4  17   8  21   2   9  -3  12  19  -4  -6 23  26  26   7  22   0  10  13  15  2  31  -5  15  14 19  16  19  -8  11  -6  24  13  33  16  23  -1  11   6   6  25
 12  20  34  -4  -7  -4  19   6  15  -5 12  15   3  33  19  24  18  22   0  -9  30  29 35  -8 -10  -7   9  34  -4  -6  21  28 14  29  15  34   0  33  -1  26  2  23 21  24  -8   2  28   7  28  9  -9  -9  -9  29  -3  2  33  17  -1  23  -4  26  -2  10  14   9   1  -6   6  -9  6  -1  25  -4  -6   9  -7  -6  36 21   9  12   0  28  6  27  -9  31   3   1  11  36  24  10   8  27  31  -1  16  15
 25   7   0  27  -6  23  -5  11  34   3 12   0  11   6  12  21  31  24  29  -3 -10  20 22 -10   0 -10  13  36  36  36  18  30 17  24  36  25  27  24  22  16  8  -4 30   9  19  22   9  -7  17  7  31 -10  -4  17  35 -9  29  31  -6  26  21   0  30  13  20  -6  17  -5  15   5 14  22  23  -6   2  13   9   3  12 14  19  33  26  -8 17   4  29  20  34  10   6   7  36  26   5  29  27  10  24  10
  9 -10  -9  35  13  -1  10  18   1  25 14  28   0  20  27  -1   3   9  23   8   0   0 11  31  26   3  24   8   3  11  -1  28  1  -1  -4  36   2  22  20  12  9  26  3  33  22  17  -5  12  28 -8  24  -3  22   5  22 28  29   7  -5  22  36  10  15   2  22  32  29  25   6  10 13   7   8   2  12  -9  27  24  11 10  28  26  29  36  4   2  30  22  24  25  -3  18  22   1  -1   4   0  19  -2  -3
 -9   7  -7  23   0  14  36  -8  16  -6  1  18  -3  17  35   8  13  18  23  15  12  22 16  -5  21  23   5   1  23   1  24   9 26   7  35  15  14  -9  19  16  9   8 23  -9  16  31  18   8  18 18  34   3  35  -2  31 21   8   1  15  -6  13  14   2  10  -6  -7   8  -4  -2  21 -6  27  22  36  20   7   6  -8 -10 15  -6   5  28  13 14   3   0  36   1  20  -7   8  10  -8  -8   3  -8  16  -9  32
 27  -6   1  19   3  13  14   8  21   7 28   1  -9  -5   7  31  -9 -10  17  30   6  36 15   5  15  -3  28   4  29  33  16  24 -9   0  17  -4  11  -1   5  29 -1   8 -2  -1  -9  18   1  32  17 20  18   2  14  24  20 24  17   6  26  22   9   7  20  12  25  -8  32  29  27  11 30  24  24  -5  26   3  22  30  32 -6  -2  13  22   9 -7  30  21  12  29   7  -2  10  12  12 -10   4  32  26  33  23
-10  17  -1  27  20  31   7   2  24  22  6  -8  17   7  -7   1  -2  36 -10  23  -2  35  9  27  11  -5  19  27  23  35  20  18  2  24  33  36  25  19   0  30 -4   8 -1  25  11  -9  -3  15   1 32   0  17  18  15  -6  0  -6  26  23  -8  27   7  -3  23  -1  36  13  35  19   8  4  23  22  27  -8  35 -10  18   4 33  18  24  -8   5 14  28  35   2  13  12   9  -5  30   9  14   5  26  25  14  32
  6  24   9 -10   8  27  35  27  31  10 11  -4  -2  -1  -3  20  19  34  27   8  29  -3  6  27   1   0   4  23  11  -4   1  25 20  -5  -8  33 -10   7  33  -9 -4   0 -4  30  20  15  15  26  34 -7   7   4   8   8  32  6  -4  -2   8  18   9  10   0  -9  18  11  12  -7  17   7 32  11   5  30  14  16  12  35  15 28  14   0  30  20  2  28  20  22  25  18  19  13  17  19  -4  27   5  10   0   6
 35  31   8  17  21  12 -10 -10  33  34 -1  27  -1   5   6  11  10  32  24  25  29 -10 10   1  27   6  -9  24  19   8  24  35 17  -5  17  -1  16   1  30   3 22  27 13  -1  -6  24  17  -2  34 26  -8  -4  36  33   5 19  25  13  26  24  22   0   5   3  27  -5  -8  -9  20  -7 -4 -10  -6  -4  16  36  33  -1  -6 10  15  19  24  -9 24  14  -4   2   4  12  11  16  35  -4  -4  33  10  -3  18  14
 32   5  -3  21  -7  31  33  12  32  26 27  28  31   5  -3  16   9   7  -2  -4   8  36 17  35  19   3  13   9   8  13   3  23  0  -6  -5  18 -10  10  23  33 -7  -4 29   7  28   6  18  -6  33 -3  12  14  31  33  20  3   8  16  30 -10  20  22  24  30  26  12  10  15  -1  12 35  18   4  14  33   7   3  34  16 18   8  21  -7   8 21  22  -2  -4   5  35   0  -8  26  31  34   5  26  21  21  -4
  1   2   3  28  20  31  -5  16  -6  36 -3   2   1  36  22   9  15   6  -7  22  -2  28 32  19   4   0   3  32  12   1   6  25 24   7  -8  17  16  -9  28  23 34  -1 17 -10   3 -10  33  11   2 13  22  -1  17  13  12  5   2  23  11  -4  -9  14  22 -10   3  31 -10  32  12  -8 22  10  10   8  33  29   0   1   0 28  -9  19  24  21 13  31  34  11  30  12  -3  28  25  11   7  22  -2  10  18  35
 10  30  -4   3  -4  36  25  -8  27   6 12  25   8  12  29   2  24  23  34  35   2  -7 32   2  -8   7  -9  20  24   4  -9  -1 21  -9  11  -6   7   7  29  14  9   2 -8  36   9  24  -2  17  -7  0  10   5   2  -5  20 15  17   1  25   3   8  28   9  34  25  36   5  -7  28  -4 22  -2  15  26  -9  24  21  32  -5  7  25  24   2  26 14   1  21   2  17  10   2  11  25  36   9  -7   5  -4  23  17
 32  20  31  31  -1  27  11   4  32  -9  3  36  28  -2  22  32 -10  -1   7   1  12  -4  3   3  10  15  -4  11  14  33  10  31 34  -4   1  36   2  -4  -8  21 -3  12 -2  33  14  11  22  13  17  3  28   7   6  35  14 21  -8  17  19  32  21  -7  29  14  28  15  15  19  26   4 23  26   4 -10  20  16   2  -8  33 -9  18  10  17   8 22  27  22  -4  16  26   1   7  33  31  35  -9  25   1   3  -8
 14   1  23  22  16  34  -6  17 -10   3 12  -7  22  17   8  -1  34   0   2   8   1  -9 24  16   8   0  36  16   4  21  17   5  2  27  36  34  -1  -9   7 -10  8  -2 20  12  31  19  27  29   1  5  13   9  -1  16  10 27  12  29 -10   3  10  16   8  16   9  30   9   3   2  27 33  15 -10  -5  10  13  34   9  20 31   1  19  20  -6 -7  -4  34  23  -1   0  27  27  -8  29  -5  -3  24  13  -2  24
 14  36  -4  36  36   6  25   2  10  27 11  23  31  17  27  33   7  28  -5  19  31  32  5   3  24   6  -8  21  10  10  31  10 20  -5  -5  15  26   9  -1  -8 24   7  6  16  22  30  -6  -3   1 33  -9  28  17   1  27 30  -5   2 -10  -5  13  13  24  17  10  -2   4  34  -8  19  5  13  24   0  18  -5 -10  22   2  2  -5  36  -8  36  3  27  17   8  14  33  -4   9  13  23  27  27  28   2  -3   3
  5  19  12  33   5  21  -3  14  32  -1 10  21  31  -2   0  13  11  14   2   7  29   6  8  11  25  22  22  31   2  26  12  10 25   2   6  12  26  32  15  25 -9  16 32  19  11   0  -1  16  27 34  -6  22   9  -5  19 -9   1  32   9  -1  11  26  31  -3  34  19  -7   6  27  18 -1  15  34   1  21   5  16   8  23 -8  33   5  27 -10 -7  -4  10  26  34   0  20   8   5   6  -2  24  20  16  36  26
  8  21   7 -10  32  -5   0   2  14  35 33   6  26  31  10   4  20  29  13  18  32  22 -5   0  24  15   7  18   0   7   1  -3 32  21  18  -2  23   5  27   3 25  21  6  21  21  12  18   3  23 -9  20   6  35  -9  11 -1  -7  22  32   5  25  19  27  25  18  30 -10  19  32  -9 36  -4  18  -2  -3  15  -4  14  32  0  19  11   3  16  1  23   9  10   4  -3  -7  15  25   6  18  15  20  34  10  15
 -2   0  32   0   8  36  21  32  14  11 26  22  36  18  25   7  26  20   0  15   4  -5 28  32  -8  -1  32  25  20  -1   8  24 22   0  -3  10  28  27  -3  12 17  31 22  34  28  -6  -7  32  -2 23  34  30  13  22   0 29  -7  -4   5  27  -9  23   0  18  34  30  10  -2  20  24 13  35  -5  23  -8   0   0  -2  27  0   4  -6  36   1 11  15  26  36   0  17  22  11   4   9   7  -7  -9  23  -9  25
 -7  13  35  31  33  21  25  14  36  12 30   5 -10  31  -9  16  27   4 -10  12  -5  19 14  -7  13  36  14  -6  23  -2  25  28 24  -1  -2   6   5  21  10  25  9  -9 14  26  23 -10  -6  24  -2 32  12  30  10  36  19 22 -10   8  -9  17  30  22   5   6  24  32  34   7  10  14 -3  14  19  18  14  16  16  21  27 -3   0   5  21  27 18  12  11  -4  10  25   0  13  28   2  28  16   2  -3  27  -7
  6   3  12  -1   5   3  18  36  23  -6  9  30   9  10  25  -9  27   2  22  -7  29  -1 18  35 -10  16  35  26  -2   0  -1  26 12  15  28  -4  21  26  10  25 31   4 23 -10  36  -7  15  11  -1  6   4   6  11  29  26 -3  26  12   4  21  36   9  28  20  33  28  28  29  18   1  4  14  10   2  -2  -3  21  30  32 -3  -8  36  26  10  6 -10  18  26  20  23  -9  24  24  -8  22  27  26  18  24  21
 -5  15  -6   1   6  -6  -1  16  -3  14 31   3   6  -1  32  28  30  11  27  29  16  18  9   5  21  -3  16  14  11  25  18  36 28  18  24   3  -7   7  13  26 -4  36 21  24  16   0  18   4  33  7  14  31  25  36  28 -1   0   6  19  -5   3  -5  -7  34  -5  21  36  18  32   7 36  -5   9  18  18  -1  31  -1  13 16  25  -2  19  19 24  27   8  -4  18  -1  26   5 -10  -5  28  24   7  21  13   3
 27  31   6  11   6  -2  31  16  34  -3 16   5   0   4  12  26  17  -2   2  28  31  36 13   1  28   3  29  -3  23  21   9  19 21  30  31  34   7   1  17   9 25   6 13 -10  32  17  33  -3   2 -9  24  16  21  14  29 -8  -8  23  14  17  36  -5  13  34  -1  -2  -9  35  22  -5 -4  24   0  -9   0   5  -6  35   0 16  20  32  14  32  9  -5   8  11   4   9  30   1  22  22  12  13   7  16  18   8
 26  12  29  24   1  27  22   2  -1  12 -4  31   5   6  33  33  14  13  -8  18   4  28 11  19  25  24  10  -4   1  30  29   7  7 -10  -3   6  20  13  21  21 -2  12 11  35  36  17  32  31  28 15  12  20  31  36   3 17   6  29  32   7  31  15   4  35  13  20  32  35   8  -6  8  32  27  33  19   5  26  32  20 31  18  25   7   4 20  14  32  10  15  24  15   9  -7  -7   1  -1  -2   5  -8  25
 33   3  -8  34   7  26  18  10   7   6 21   0   1  10  -6  -3   1 -10  -6   8   9  35 36  10  23  -3  18  -2  15  33   1   2 21   3  15  30  31  26  -6   3 13  -3  4   0  14  28  21  -5  14 -1  35  24  28  -3  -6  3  36  20  -5   7  28   3  -6   3   4  15   2  28  15  20 27  32  14   9  20  -2  -9  26  -6 36  22  16  -5   4 10  -5  35  15  26  32  16  33  13  31  -3  28  28  31  30   5
 -6  24   1  -7  -9   3  -6  26  22  -7  1   0  27  28  23  29  -5  29  14   6   8  28 31  25  20  -7  18  12  12  -4   8  -5 25  -7  23  11  -7  -5  21  23 23   5 35  -8  -3  13  -7  29  19 15  25 -10  33  -9  15 11  29  15  14  20  10  -3   9  -2  12  28  14   1  11  19 -9  -8  25  -5   8   0  -3  34  -8 26   8  22  -9  -9  2  23  36  -8  11  27  11  -5  19   7  17  -3  30  31  28   1
 24  -8   8   1  27  22  32  -8   8   6  9  14  17   3  12  36  -8  -7  -3   1 -10  16 33  32  36  13  19   6   6  28 -10  13 16  12  -4  35  28   4  -5   3 24  -7 16   0  36  -6  28  13   7  6  15  -7  21  26  26 33  13  -7  17  26  11  14  -4   3   9  -4   8  32  25  34 36  18  36  23  36  15   5  -2  33 19  13  33   0 -10 25  -2   3  19   4   0  -2  15  -3  33  -7  29  27  13   5  21
 17   1  25  -6  22  26  11  -2  12  21 17  31   9   2  16  -9  -7  29  26  25   3  26 29  10  35   4  17  24  19  28  31  23  9  14  33  16   0  23  33  17 -1  -6  6  20  21   2  11  -3   0 -7  13  -6   4  23  11 14   8  10  -5  17  -2   9  33   7  27  19  -8  -6  34  27  2  -6  31  -1  -4  10  19  23  15 18  -9  27  -3  23 13  26  21  12   4   6   2  30  -1  16   1  -1 -10  34  24   9
 26  20  28   0   5  33  32   7  14   2 -2  -5  -7  29   5  26  31  10  15  23  18  -5 -5  -9 -10  -5  23  16  16  22  15  -3 21  -7   7   4  -6  24  25   6 17  20 12  14  22   6  32   8  23 17 -10  30  36  18  15 -8  20  22  -9 -10  -9  28   4  18  13  12  21  16  36  -7 -9  13  -8  13   4  -4  29   5  11  1 -10  -6  31  25  5  24  27  22   2  33   0  36  24  -7  25  12  22   6  24  17
  0   6  34  34  33  19  -5  -5  -4  28 21   5   8  -6  31  22  19  22  23   5  21  23 33  24  14  10  20  10  35  -3  -2  18  8  18  20  19  20   9  12  12 -5  17 35   8   5  13  23   0  -2 25  34  24   2  -7  31 24  11  23 -10  28  -5  -1  27  32  29   9  13  27  24  24 22  32  19  29  10  17  27  35  -4  3   8   3   1  23 16   9  25  24  25  23   1  26   8   4  -7  -1   3   6  20   5
 23  25  -4   7   1  13  18  27  36  19 36  -1   4  28   7  35  -6  29  -1  35  31   0  6  -7  12  -5  -8  25  25  16   0   1 10  28  16   1  33  -1  25  12 13  12 -7  29  -4   2  -2  27  11 28  -6  15  35  -8  18 32   2  13  21  30  28  14  18  -2   1 -10  33  17  -6  -5 32  28  11  17  14  12  16  33  -6 -1  25   8  25   0 26  31   4  -1  31  30  -1  23  21  -8  -2  23  25  -7  -4   5
 -6  27  16  -6  34  27  19  32   4  25 25  -5  12   8  33   2  31  26  18  -9  19  -9 31 -10  -2  -7   3  36  33  -7  14   8 36  11   5  29  26  16  -6   5 12  33 32  27  13  11  -6  35   8 -9  34   4  25  28  29 18  29 -10   0  35  21  14  36  -4  36  -7   0   4  30   4 32  -8  32  33  28  29  17  36  29 -3   9  26   2  36 26   0  27   5   1  32  -9  29   2   0  25   0   4 -10  -6   6
 36  -5  33  18  15   3  24  26  12  25  8  28  -2   2  10  24   1  -3  36  24  18   4  9  34  18   0  21  10  29  20  32  18 35  24  -6   7   6   5  34  28 25  32 33  24  -4  -1  13   1  -3 28  20   5  -4  17  19 29  -5  33  -8  29  13  17 -10  17  27  36  -1  18  33  24 35   1  -1   2  31  18  30  18  -8 20   9  -8  -2  27 -3  36  25  34  33  -7  18  35  25  -6  -3  13  18  11  25  -6
 -2  22  34  -5  31  -6  32  34  12  30 -9  11  10   0   3  11  17  17  13   9  27   5 15   0  33   5  21   7   8  -9   1   3  7  28  36 -10  17  31  35   5 20  -5  3  -9   3  17   9  19  18 20   7  21  28  35   2  5  29   0  13   9   3  23  36  -5  36  23  20  -2  31  13 23   5  -5  17  12  24  -4  31  26 -3  16   2   0  26  2  18  20  27  13  31  31  15  26  22   9  14  17  18  -7   7
  1  23   4  21   8  33  -2  19   6   9  5   3  -7  25  21  25   0  15  -8  -2  17  -1 22   6  14  13  22   7  22  36   5  36 -1  12  10  13   5  15   7  -5  5  19 32  32  10   1  17  28   1 21   8  29  35   3  10 21 -10  17  -4  -7  26  35  23  28  31   3  -1   5  23   1 -6  18  34  24  28  36  -2  15  -2 -3  -4   7  15  29  1  10   2  35   2  -7  32  27  27  29  17  -3  25   8  32  29
 18  13   4  13  30  -9  29  17  -7   4 14  -7   9  21  28  32  11  -3  13  12  31   1  5  16  17  -6   3  -2   1  35   7  17  7  34  27  -9   6  18  16  29 26  30 31  -1  -6  24  27   1   3 -3  16   4  -5   5  26  0  -2  -9  17  -1  12  32  -9   9  14  16   1   6   9  33 33  -3  10  22   2   3  29  16  30 29  17  24  19  31 -7   3  32  31  22  34  27  20  19  30  -8  15   1   7  33  -6
  8   9  15  28  -2   2  34  33  21   6 19  17  15  28  15   8   8   2  -4  36  10  10 18  22  17  -4   7  24  -7  23   9   9 35  -9  26  -5  31  -1  -1  11 28  -1 26   0  31  20   3  21  -8 28  28  18  -2  -8  -9 19  -8   5  34   0   6  20  26  13  26  30  -4  10  -6  23 14  12  36  -4  26  20  10  26  33 13   5   6   9  -8  0  18  15  -8   8  31   1  28  32   9  -8   4  24 -10  25  35
 17  32  30  22  11  11  26  24   0  34 21  31  15  20  -8  10  21   2  25  34  33  29  3  34  21  20  33  20  16  18  23  19 10  16  33  25  17   1  17  25 -6  12 -1  29  10  -4  17   3   8 34  33  20  36  -1  -8  9   4  -8  -1   9  -4  -6  28  33  -7  -2  12  -7  11  28 15  19  20  36  33  20   5   3   4 18  10  13  -3  34 -7  -5  -8  10  32  10  17   2  17  27  14   5  31   2  29   8
 33  18   3  -9  -1 -10  27  22  11  -3 12  33  17  18  25  12  -7  35  23  19  28  34 26   2 -10  23   8  -8  34   9   7  18 22  12   2  20  18  23  27  15 32  36 21   5  36   1  -7  21   6 11  -9  21  20  30 -10  5   1  13  20  -6  24  -1   2  10   2  -9   2   1  11   8 10   9  13  25  17  24  -3   7  21 15  29  -1  27   2 21  -4  21  28  32  14  -4  21   3  34   5  18  -1  22  35  30
 22  32  18  32  12   8   1 -10   4  34 11   9  16  28  25   8  -7   2  -6  -8  -2   6 24  23   2  26  -5  35  16  11  15  14 29   8  32  21  32  -3  32  33 11  -8 17  -5   5  18  22  -1   9 35   2  33   1  -7   6 12  25  12  -8  28  11  -8   4  34  10  -6   8  34  33   3  3   3  34  24  -3  29  31   1  -1 15  -4   3  10  36 15  12   8   8 -10  16  26  -8  31  20   3  32  18   3   4  30
 28  13  28   0 -10  23  10  14  21  19  8   6  26  22 -10  -2  -1  -3   2   0   7  24 10  10   2  -4  -5  27  25  20  34  19 21  22  15 -10  32  -1  32   1 29  16 13   7  18  -6  30  19  17 17  21  11   1  -2  13 -2  22  -4  36  18   6  15  32  17  19  -1  17  30   3  36  6  33  -2  -8   6  33  17  -3  30 -7   8   0  24  15 13  15 -10  23   0   4  -5  28  14   4  36   8   4   6   9  18
  9   8   0  27  -2  10   7  -3  36  26 36  26  18  13  19  14   5  29   0  -8  26  -9 -1  29   5  12   8   3  11   5  13   9 33  18  -5  24  15  16   7  -8 -2  29 -4  -7  31  35  11  24  30 -8  35   9  35  17   8 -1   1 -10  13  35  19  21   4   9  10  26  11  29  12  32 -4  35  30  19  18  -8  18  31   0  4  29  28  19  -9 21  25  -6  12  17  16   7  14  12  18  -4  28   0  18   0   0
 23  23   2  12   8  31  13   7  33  -8 10   0   4  -6  15  32  18  -5   6  33  17   9 29  16  30  -3  16  17  20  34  23  -7  0  -5  -3   2  -6  -3  -8  34 20   3 27  13  28  25  18   6  10 -9  -6   8  -7   1  32  6   9  33  36  29   9  -2  26  26  31  12  13  26  10  21 35  -3  19  13   9 -10  -3  -4  25 -3  26  12  21   8 18   4  -9   9  16   9  13  28  20  -1  -5  -9  -6  21  29  22
 10  15  -2  -9  -6  22   4   3  -2  -1  3  26   6  33   9  32  32  32  20  23  -3  30 -3  -1  10 -10  34   8  -2  27  -4 -10  6  -8  25   0   8  20  25  22 18  28 16  23   3  36  20  -8  27 25  23  -2  -6  30  -3 30  11  20  26  -5   8  34  15  -9  32  34   4  -3  -2  -2 23   5  -9  -3  33   5  17  -8  -9  4  -5  32  18  35 30  -8  28  18  28   8  -5   5  -2   0  17  -3  -3   7  12   5
  5  23  -2  20   5  15   9  -4  19   8  0   3   9 -10  12  21 -10  24   0  25   3  13  3  18  10   1  24  -4  14   6   2   2  6   8 -10  -4   6  -3  -8  10 28  -5 21  23  16  29  31  21  28 20   7  32  19  20   2  0  20  17  17  -1  16  13  22  19  20  11  25   9  -5  -2  7  19  35   8  26   4  -4  16   9  1  16  -4  21  -3 29   5  28  12  26  24  -6   7  12  14  12  29  25   4  36  -7
 -5  -1  22   1 -10  36  33  23  10  -7  7  -2  28   6  -8  28   2  -8   8   7  26  16 -7   2   3   4 -10  33  24  26  18  14 21  26  23  20  11  -7  27   2 -1  12 25   5   1  -9   1   6  16 29  36  -5  15   6  20 -3   1  27  32  31  12  33   4  -7 -10  29   2 -10   2   3 12   0  27  -3  16  25   6  -1  35 33  23  16  -4  18 28  30   5  19  -6  -2  35  -6   6  -8   0  25  19  15   4  -8
 13  24  -1  24  22 -10  30   9   3  28 30  -7  -8   5  33  -3   4  20  26  31  14  31  7   4  12  28   6  21  31  33  29  23  6  15  -4  25  23   7  -1  19 22  -1  4   4  29 -10  30  16  30 32  26   0  23   8  24 -2  34 -10  12  23   3   0   7  -7   4   9   8  11  -5   1 -4  35  13  -7  23   0  36   3  12  4  11  24  10  13  6  29   7  -1  23   5  19  14   0  23  25  31  15   2  31  -1
 12  34   3 -10  27   1  -9  28  17  33 -9  10  33  10   3  -5  -9  30  33  -9  24   0  3  -7  30  31  15  25  21 -10  20  18  8  -9  23  34  11 -10  -1   6 -3  25 12  24  16  12  18  -7  20 14   2  27  14 -10  26 34  27  -6  25  31  31  29  -8  -1  -2  34  -5  -7   9  15 36  15  26   1   1  13  28   2  -9 21  25  20  36  13 18  18  22   9  -7  27   9  20  18  -2  -2  16  32  31  -7   7
 -1  11  27   2  12  36  -2  15  12  24 26   4  34  19  21  18  -7  17  30  25  16  13 15  29   0  30  13  29  35  10   1  33 23   0  29  31   5  36   0  25 17   8 23  12  -5 -10   2  12   7 -8  23  28   5   9   6  9   9  29  -5  -2   3  -2   3  17  26  20  32  -5  28  -1 33  26   1  -8   4  35  12   3  -7 27  17  15  28  -2 19  -2  13  18  22   1  -6  29  25  28  25   9   3   1  25  18
 16  25   7  26  26  14  11  19  11  -1 14 -10  -5   7  30   7  35  19  27  24  36  23  7  -1  28  20  24  21   0  27  14  35  2 -10  -8  -3  18   0   4   0 -7  30  3  18  -4  10   6  -1  17 11  27  27  30   6  22 -5  -2  24  20  30  25  -5   8  14  -6  17  27   6  -5  31 26  28   6  19   7   2  33  22 -10 -9  -6  35  -3  36 14  25  34  24  12  25  -4   9   1  16  21 -10  -4  -1  -4  10
  3  35  28  35  20  29  26  33  14  24 27  15   1   5  22  12   7  19  26 -10  20  27  4  -3  20  29  10  35  28  15  12   5  9  -7  -9   6  27  -2  22   4 34  -9 12  35 -10  30  -3  23  12  5  25  -1   8   6  32  1  34   7  -1  31  11  25  21  34  13  13  18  13  18  29 30  24   9  21   4  34  18  -2  13  9  31 -10   4  29 25  -7  22  35  12  16  35  24  -1  24  11  32  12  32   5   5
  1  35   0  -7  19   9  -5  36  14  32 21  26  18  36  24  21  16  13   9 -10   9  -6  5  11  23  27  30  35   6   5  16   8  9  -4   5   9   3  36  -2  -2 -3  13 22   8  10  21  36   3  -4 12  26  -4  21  -8  26  2  -5  -2  35  35  26  17  16   5  28  23   7  34  -2  -4 -7  15  32  30  36   1   1  17  27 34  23  26  31  28 17  13  32  -5  -3  10  -6  -8  34  -8  28   0   5   4  33  -3
 -9  -5  18  25  12  -6  15  27  18  12 25   9 -10  -1  14  24  27  -7  20   1   3  28 -4  22  -6  20  22  16  28   0  10  21 27  19  13  26  16  18  29  11 19   0 29  29  36  21  36  34 -10  6  12  35  36  26  -4  9  16  16  20  -1   0  26  14  -3   2  30  21  10   7  28  6  24  28   2  -7  21  22  29   4 21  30  25  14   4 18   3  -1  11  -6  19  27  -3  29  11   7   5  -3  15  26  12